217	219
217	236
217	405
217	426
219	236
219	548
236	405
236	548
334	426
690	704
509	527
416	420
568	573
30	874
25	917
570	643
770	808
42	688
42	857
688	857
857	964
104	350
465	466
189	760
300	443
354	361
896	898
413	414
300	441
441	443
523	524
446	460
373	807
373	856
807	856
99	348
697	698
993	994
664	968
520	521
354	374
627	628
215	216
431	432
386	395
323	705
893	972
234	239
488	498
53	980
986	1000
854	855
451	770
112	142
112	761
142	761
122	961
804	810
156	857
194	857
295	729
295	857
993	995
994	995
514	515
258	517
85	243
262	395
262	857
395	857
672	857
857	867
542	543
420	427
45	46
340	342
594	595
427	626
781	782
915	916
300	732
426	732
452	632
417	437
430	443
319	452
300	335
333	422
372	834
724	725
335	420
325	421
155	156
207	209
80	676
648	660
648	671
648	969
660	671
660	969
671	969
385	386
385	395
13	45
13	46
13	394
13	885
13	897
45	495
45	885
45	897
46	495
46	885
46	897
394	483
394	883
394	885
394	897
495	783
885	897
487	497
303	926
92	621
92	724
92	725
221	724
221	725
221	915
221	916
724	915
724	916
725	915
725	916
75	409
21	512
16	361
16	871
317	871
361	445
361	871
445	871
587	600
717	718
717	916
718	916
895	896
895	898
384	391
307	547
662	665
662	666
665	666
132	711
195	227
195	711
227	241
227	347
227	711
227	806
227	912
241	347
241	806
347	806
806	912
188	386
884	888
157	158
157	159
158	159
394	485
394	619
394	625
625	675
35	622
223	307
223	489
223	927
307	489
307	927
194	195
394	868
108	124
108	149
108	1017
124	149
124	1017
149	1017
108	1018
124	1018
1017	1018
117	260
547	739
573	851
119	648
119	660
119	671
119	952
648	672
660	672
671	672
952	969
480	820
68	863
87	186
87	196
87	644
87	816
87	863
186	190
186	335
186	398
186	863
186	946
190	196
190	398
190	644
196	644
196	816
196	863
398	816
398	863
398	946
398	1025
644	816
644	863
644	946
644	1025
816	863
816	946
816	1025
863	946
863	1025
360	374
257	258
257	857
258	857
67	140
67	227
67	351
140	149
140	227
140	243
140	394
140	851
149	927
181	394
227	394
227	723
227	927
243	394
243	867
243	927
394	596
394	723
394	851
394	867
394	927
723	927
851	927
180	181
922	927
112	871
761	871
254	260
254	927
260	927
349	842
96	126
114	188
528	529
683	1008
212	239
234	235
235	239
178	906
26	51
26	119
51	686
119	524
119	830
189	581
524	889
686	830
365	614
365	615
614	615
223	347
223	857
268	375
268	857
347	857
375	857
528	857
529	857
847	910
185	186
506	507
117	844
93	500
93	747
93	952
190	307
190	760
190	798
190	799
307	644
307	747
307	806
307	820
307	952
500	644
500	747
500	760
500	798
500	799
500	806
644	747
644	760
644	799
644	820
644	952
760	798
760	799
798	799
806	820
820	952
762	840
925	926
275	277
118	648
118	660
118	671
189	197
353	648
648	663
660	663
663	671
20	443
20	847
443	847
816	894
863	894
197	931
104	161
115	146
199	394
160	254
246	254
254	812
106	290
290	946
32	349
128	579
190	853
190	912
362	853
648	853
660	853
671	853
963	1002
24	349
24	770
24	808
263	349
263	770
263	808
263	844
263	871
293	770
293	808
293	871
349	770
349	808
349	844
349	871
349	974
770	844
770	871
808	844
808	871
844	871
844	974
871	974
87	119
87	557
87	578
87	844
87	871
87	951
119	557
119	578
119	844
119	871
557	844
557	871
578	844
578	871
844	951
871	951
744	746
350	361
350	857
361	857
186	871
426	871
356	359
66	86
66	857
66	913
86	806
86	857
86	913
806	857
806	913
857	913
412	458
20	849
116	117
116	223
116	254
116	260
116	347
116	370
116	761
116	900
117	142
117	223
117	254
117	347
117	370
117	761
117	900
142	223
142	254
142	290
142	347
142	915
223	254
223	260
223	761
223	915
254	347
254	682
254	761
254	900
254	915
260	290
260	347
260	761
260	900
260	915
290	347
290	761
290	915
347	761
347	900
347	915
682	761
682	900
692	915
761	900
761	915
116	263
116	524
116	770
116	808
117	263
117	524
117	770
117	808
211	441
263	386
263	509
263	514
263	900
386	441
386	509
386	514
386	770
386	808
441	524
441	770
441	808
509	514
509	524
509	770
509	808
524	770
524	808
770	900
808	900
126	386
509	526
526	527
3	55
349	466
116	401
116	913
117	401
117	913
852	930
353	857
724	857
725	857
92	927
225	927
105	817
105	874
744	874
65	752
140	161
140	254
140	333
140	578
140	871
161	254
161	871
227	578
227	871
254	333
254	578
254	871
322	578
333	578
333	871
176	184
298	349
298	394
349	394
842	843
349	652
857	871
135	136
822	848
822	849
455	456
96	307
116	307
117	307
18	857
29	186
29	857
186	857
186	524
317	324
235	242
88	307
88	386
88	816
88	910
307	386
307	399
307	816
307	910
386	399
386	816
386	910
399	910
682	910
816	910
821	823
821	824
821	825
821	826
821	828
823	824
823	825
823	826
823	828
824	825
824	826
824	828
825	826
825	828
826	828
96	119
96	142
96	188
96	349
96	644
96	761
96	847
119	142
119	188
119	305
119	321
119	349
119	358
119	644
119	646
119	761
119	789
119	847
119	927
142	188
142	305
142	349
142	644
142	648
142	660
142	671
142	847
142	927
188	349
188	761
188	847
188	927
305	321
305	349
305	358
305	491
305	644
305	761
305	847
305	927
321	349
321	761
321	847
349	358
349	491
349	644
349	646
349	648
349	660
349	671
349	761
349	847
349	927
358	646
358	847
358	927
491	644
491	847
644	648
644	660
644	671
644	761
644	847
644	927
646	847
646	927
648	761
648	789
648	847
648	927
660	761
660	789
660	847
660	927
671	761
671	789
671	847
671	927
761	847
761	927
789	847
847	927
758	910
162	760
194	607
194	760
194	816
194	863
579	607
579	760
579	816
579	863
607	816
607	863
607	991
760	863
816	982
816	991
863	982
863	991
366	675
45	893
46	893
66	165
120	149
149	686
149	1018
557	565
557	566
565	566
248	268
268	947
221	579
579	724
579	725
579	915
579	916
207	208
208	209
186	420
420	422
420	423
422	423
119	254
125	254
125	761
82	349
126	141
126	186
126	325
126	337
126	349
126	394
126	480
126	808
126	853
126	857
141	186
141	349
141	386
141	394
141	808
141	857
141	964
186	349
186	386
186	394
186	421
186	808
186	853
269	349
269	394
269	857
325	349
325	857
337	349
337	386
337	808
337	857
337	964
349	386
349	480
349	546
349	853
349	857
349	964
386	394
386	480
386	853
386	857
386	964
394	480
394	808
394	857
394	964
480	808
480	853
480	857
480	964
622	857
808	853
808	857
853	857
530	531
14	469
14	470
469	470
96	186
177	178
177	724
177	725
177	906
178	724
178	725
724	906
725	906
0	42
3	42
3	141
3	349
3	557
3	631
3	699
3	761
3	808
3	809
3	907
42	349
42	553
42	761
42	808
141	631
141	761
141	809
141	907
169	349
349	553
349	557
349	631
349	688
349	699
349	809
349	907
505	557
553	631
553	809
553	907
557	809
557	907
631	688
631	907
688	808
688	907
761	808
808	809
809	907
394	686
16	349
16	394
16	814
226	349
226	394
226	814
349	814
394	814
66	223
66	476
66	723
66	808
223	723
223	808
357	723
357	808
357	857
476	808
476	857
723	808
723	857
365	616
614	616
615	616
70	96
70	112
70	142
70	347
70	761
70	857
81	761
96	395
96	857
112	347
112	857
142	857
252	395
347	395
761	857
408	447
73	432
19	857
19	871
19	910
20	119
20	246
20	755
20	857
20	871
20	906
20	910
20	913
20	952
119	857
119	906
119	910
119	913
246	857
246	871
246	910
246	913
606	857
755	857
755	910
857	906
857	910
857	952
871	906
871	910
871	913
871	952
910	913
1	349
259	349
333	349
333	844
344	349
20	305
20	349
20	354
20	361
20	480
20	578
20	688
20	695
20	830
20	874
108	857
108	871
129	349
129	354
129	361
129	578
129	857
129	871
239	349
239	857
305	354
305	361
305	480
305	688
305	695
305	857
305	871
305	874
335	349
335	361
335	688
335	695
335	857
335	871
349	354
349	361
349	578
349	695
349	830
349	874
354	480
354	688
354	695
354	830
354	857
354	871
354	874
361	480
361	578
361	688
361	695
361	830
361	874
480	578
480	830
480	871
480	874
578	695
578	830
578	857
578	874
688	695
688	871
688	874
695	857
695	871
695	874
830	857
830	871
857	874
871	874
119	742
742	847
847	993
847	994
673	674
91	728
903	904
848	969
123	374
680	683
680	1008
92	551
92	580
227	580
580	723
580	740
723	740
153	844
724	910
725	910
70	386
386	574
46	485
114	178
178	479
178	485
117	140
349	560
560	562
20	105
20	557
105	349
105	557
105	871
769	788
361	396
88	820
111	121
111	163
111	164
121	163
121	164
163	164
20	760
20	977
866	869
140	366
527	857
787	857
848	857
172	915
105	1013
748	1013
695	927
385	857
38	857
206	857
857	978
227	857
44	62
747	816
747	863
747	894
51	857
196	354
196	857
245	354
245	857
461	857
307	349
307	394
307	588
307	695
307	916
349	588
349	876
349	880
349	916
391	916
394	553
394	644
394	695
394	876
394	916
553	644
588	644
588	695
644	695
644	916
695	916
597	601
597	602
597	603
601	602
601	603
602	603
157	160
20	756
117	863
140	863
140	1001
863	1001
374	770
374	808
644	812
816	820
820	863
813	850
254	307
874	875
199	687
104	844
86	119
86	268
86	399
86	644
86	695
86	790
86	814
86	871
86	916
86	1008
114	119
114	268
114	303
114	374
114	644
114	695
114	790
114	814
114	871
114	916
114	952
114	1008
119	268
119	303
119	374
119	399
119	695
119	790
119	916
119	1008
268	303
268	399
268	644
268	695
268	790
268	871
268	916
268	952
268	1008
303	644
303	871
303	916
303	952
374	644
374	695
374	871
374	916
374	952
399	644
399	695
399	814
399	871
399	916
399	1008
644	814
644	871
644	926
695	790
695	814
695	926
695	952
742	871
742	1008
790	871
814	871
871	916
871	1008
871	1012
916	952
926	952
844	1008
120	141
3	574
119	385
119	386
119	395
385	871
386	871
395	871
419	420
659	857
20	178
20	260
20	569
178	260
178	871
260	543
260	557
260	871
543	557
543	871
16	760
133	961
342	423
342	474
342	632
423	474
474	632
328	437
319	333
420	426
300	437
300	632
437	632
333	441
333	474
337	420
420	631
285	319
285	342
285	426
285	428
319	342
319	426
342	426
426	428
308	316
319	437
748	871
832	847
2	321
349	794
794	844
2	847
1021	1022
7	354
7	857
335	631
339	631
422	426
433	441
433	632
441	632
20	860
332	333
86	503
364	968
258	516
516	517
350	770
350	808
319	731
851	865
300	423
423	443
632	857
716	857
340	420
340	426
332	334
325	631
434	732
420	421
329	431
431	437
343	452
394	770
774	775
47	58
47	59
58	59
3	760
3	927
693	927
305	394
398	420
398	787
398	857
398	871
420	857
420	871
482	857
857	864
857	877
116	271
116	361
116	871
116	874
117	361
117	436
117	871
117	874
215	738
216	738
216	871
246	307
246	361
246	436
271	307
271	871
271	874
307	361
307	362
307	397
307	476
307	560
307	562
307	871
307	874
332	361
332	871
361	362
361	426
361	436
361	738
362	560
362	578
362	871
362	874
397	871
426	874
436	476
436	871
436	874
476	871
536	871
560	874
562	871
738	871
738	874
759	871
300	354
216	228
349	350
349	477
350	477
349	607
607	857
607	927
857	927
9	295
9	349
9	857
112	295
112	349
112	695
112	889
112	894
112	910
162	262
162	349
162	695
262	295
262	349
262	449
262	894
262	910
269	295
269	695
269	889
295	349
295	695
295	894
295	910
349	449
349	694
349	894
349	910
449	857
449	910
694	857
694	910
695	889
695	894
695	910
857	889
857	894
889	894
889	910
894	910
196	349
196	685
196	847
349	685
685	847
685	857
685	894
847	857
847	894
810	866
810	869
713	916
667	668
2	32
32	862
471	618
841	842
841	843
349	374
3	97
728	871
3	394
394	557
176	349
184	349
126	268
126	298
126	319
126	354
126	361
126	871
126	873
161	268
161	361
268	298
268	361
268	627
298	361
319	354
319	356
319	359
319	361
319	871
354	356
354	359
354	873
356	361
359	361
359	871
361	873
627	871
871	873
20	747
156	325
187	349
187	354
325	354
325	419
349	419
349	747
419	857
747	857
865	876
642	857
3	354
20	648
20	660
20	671
349	873
394	873
347	948
30	66
30	186
30	268
30	303
30	486
30	820
30	863
30	910
30	927
30	946
66	375
66	486
66	556
66	863
66	874
66	910
66	927
66	942
186	375
186	486
186	852
186	910
186	927
268	820
268	863
268	874
303	375
303	874
303	910
303	927
303	946
375	863
556	863
627	927
820	874
820	910
820	927
820	930
820	1013
852	927
852	942
863	874
863	910
863	927
863	934
863	1013
874	910
874	927
874	930
874	942
874	946
874	1013
910	927
910	930
910	942
910	946
910	1013
927	942
927	946
927	1013
942	1013
946	1013
61	394
63	394
75	312
64	97
64	871
64	894
97	228
97	871
97	894
228	871
228	894
667	722
667	871
667	894
706	747
747	871
818	871
818	894
871	894
292	394
307	528
307	529
307	849
307	882
349	529
349	569
349	849
32	816
32	889
816	889
594	596
79	905
354	907
867	870
3	30
3	88
3	263
3	396
3	416
3	835
3	847
30	88
30	263
30	396
30	847
88	514
88	847
121	847
263	830
263	847
396	835
396	847
416	847
514	847
847	929
743	744
423	441
3	480
497	500
260	374
260	857
374	857
720	721
112	141
112	188
141	142
141	227
141	871
142	871
188	871
227	386
430	871
871	1003
30	67
188	874
105	847
848	866
201	250
201	266
201	928
213	250
213	703
250	266
250	928
266	928
32	635
30	866
866	874
34	349
55	126
55	349
55	354
55	361
87	126
87	349
87	361
87	607
126	574
126	604
126	607
126	688
201	349
349	387
349	574
349	604
354	387
354	574
361	604
361	607
574	688
607	873
3	871
538	540
20	223
20	249
20	851
20	861
223	249
223	861
6	389
126	770
104	349
86	385
154	793
15	257
15	258
964	984
4	918
349	816
349	863
354	881
354	457
428	429
3	857
437	857
814	816
354	394
354	477
354	847
354	875
394	847
477	847
20	227
20	263
20	809
227	259
227	809
259	263
259	871
263	809
263	857
385	809
809	857
809	871
744	844
86	607
607	871
300	420
420	443
88	349
88	394
7	530
32	141
32	193
32	221
32	871
126	290
141	193
141	290
193	871
221	290
290	871
20	290
20	876
728	876
386	847
648	653
394	894
805	894
712	750
321	933
177	307
177	857
307	857
857	876
888	894
675	677
40	349
319	349
20	867
20	126
20	135
20	136
20	186
20	287
20	300
20	441
20	770
20	808
20	812
20	969
20	1007
126	287
126	812
126	910
126	969
135	186
135	441
135	443
135	648
135	660
135	671
135	770
135	808
135	812
135	857
135	910
135	969
136	186
136	441
136	443
136	648
136	660
136	671
136	770
136	808
136	812
136	857
136	910
136	969
186	287
186	300
186	441
186	443
186	648
186	660
186	671
186	770
218	857
218	910
218	969
287	441
287	857
300	910
441	812
441	857
441	910
441	969
443	770
443	808
443	857
443	910
648	669
648	808
648	812
648	857
660	669
660	808
660	812
660	857
669	671
669	857
671	808
671	812
671	857
671	910
770	812
770	857
770	910
770	969
808	812
808	910
808	969
812	857
812	969
857	969
910	969
59	721
717	820
718	820
787	820
493	499
45	812
45	857
45	874
226	588
226	812
226	847
226	857
226	874
226	894
226	933
480	812
480	847
588	857
588	874
670	847
670	857
812	847
812	874
812	894
847	874
857	933
874	894
20	226
20	266
20	394
20	723
20	915
20	927
171	394
226	227
226	266
226	578
226	723
226	915
226	927
227	915
227	946
266	394
266	927
394	578
394	915
394	946
578	723
578	946
723	915
723	946
915	927
915	946
394	960
96	871
441	871
443	871
423	847
294	710
294	766
681	993
681	994
993	996
994	996
995	996
43	468
108	1013
180	966
180	1013
181	966
181	1013
712	714
354	966
92	93
92	737
92	753
92	816
92	910
93	675
93	816
93	863
93	910
580	910
580	1013
718	816
718	863
737	910
982	1013
357	844
844	964
20	243
243	808
140	295
161	295
141	222
141	307
222	307
20	997
847	997
953	954
112	190
112	966
190	226
190	761
190	871
226	695
226	761
226	871
266	871
345	871
695	761
695	900
761	966
871	900
100	101
834	854
372	857
478	857
857	950
66	691
66	816
213	816
213	863
691	816
923	927
923	941
927	941
565	875
197	927
50	395
186	226
186	258
186	916
226	386
226	395
226	916
258	386
385	916
386	916
395	916
20	374
441	442
98	794
309	328
237	441
98	857
98	874
794	847
794	874
857	997
874	997
262	704
126	847
126	436
126	695
126	844
333	436
333	695
349	436
361	844
436	695
436	844
695	844
104	607
406	407
273	651
651	805
686	946
402	450
415	425
325	339
420	451
333	632
430	437
430	732
437	732
319	340
333	335
422	434
422	441
420	452
410	425
443	732
318	437
333	437
7	808
270	327
327	770
354	572
155	763
156	763
763	764
592	593
333	416
410	423
422	427
423	427
340	422
325	423
342	437
427	437
339	626
626	631
429	434
422	443
429	443
619	620
294	588
420	425
422	626
422	437
426	437
170	871
258	871
517	871
121	162
319	732
178	361
319	631
179	187
816	857
816	871
857	863
857	879
857	1025
863	871
871	879
871	1025
429	844
144	145
234	242
196	213
196	307
196	695
196	915
213	307
213	394
213	915
295	307
295	394
295	915
307	915
686	695
686	915
695	915
514	857
66	119
66	368
119	228
119	478
228	671
228	847
368	478
368	847
437	847
478	847
578	847
578	685
49	395
119	248
119	400
119	861
119	863
119	915
248	863
248	915
248	916
386	861
386	863
386	913
386	915
395	861
395	863
395	913
861	863
863	913
863	915
863	916
913	915
913	916
857	915
361	535
361	848
362	857
535	857
591	857
42	394
42	867
361	394
361	867
811	857
811	867
305	760
305	798
305	799
760	992
760	1008
798	1008
799	1008
361	765
6	644
52	847
167	246
167	626
167	770
167	847
246	644
246	770
246	847
436	626
436	770
451	557
451	626
557	644
557	847
626	644
626	770
626	847
644	770
770	847
106	161
106	268
106	588
106	761
161	588
161	761
588	761
3	196
349	531
66	361
66	770
66	871
135	853
136	853
136	871
136	1001
136	1025
165	857
230	808
230	857
230	871
305	640
332	857
361	556
361	770
361	808
361	853
361	1025
430	857
556	770
556	808
556	857
556	871
770	853
770	1001
808	1001
853	871
871	1001
144	1016
145	1016
126	176
126	184
126	626
176	436
919	920
226	398
226	863
420	894
641	816
641	863
812	816
812	863
812	871
816	974
863	974
894	974
894	1025
891	892
252	646
126	453
20	262
29	349
29	724
29	725
86	169
86	349
86	605
86	724
86	725
105	605
105	724
105	725
349	605
349	724
349	725
605	724
8	857
20	685
20	853
459	474
16	204
136	547
136	644
3	188
3	820
349	356
349	359
349	463
349	820
359	847
820	847
53	54
103	306
3	906
349	959
349	1001
278	504
66	116
66	176
116	176
116	868
116	927
116	1008
117	176
117	868
117	927
117	1008
868	927
868	1008
927	928
135	140
136	140
30	49
30	141
30	290
30	307
30	579
30	631
30	644
30	857
30	873
39	857
39	874
98	910
141	579
141	644
141	874
141	910
141	946
290	644
290	857
290	910
307	579
307	873
579	644
579	857
579	874
579	907
579	910
579	946
631	874
644	857
644	874
644	907
644	910
644	963
857	873
857	907
857	946
873	874
226	710
735	771
735	772
771	772
916	993
205	226
205	394
394	514
205	915
205	942
915	942
117	857
349	397
349	420
397	844
420	847
844	847
56	492
484	894
858	894
921	923
205	250
205	580
205	710
205	727
231	250
231	931
250	727
250	915
250	931
250	941
580	727
580	931
710	999
727	915
787	865
374	420
349	600
205	871
936	958
857	869
3	386
3	853
349	416
349	632
345	395
686	874
809	874
97	927
246	648
246	660
246	671
254	361
254	480
254	648
254	660
254	671
254	847
254	857
254	941
357	361
357	847
357	871
361	509
361	513
361	581
361	648
361	660
361	671
361	847
361	941
480	509
480	527
509	847
509	857
509	871
513	581
513	847
513	871
527	871
581	857
648	871
660	871
671	871
847	871
857	941
871	941
331	422
20	678
2	349
2	394
2	871
3	543
349	543
349	997
394	543
394	871
543	847
543	857
871	997
810	865
810	868
865	868
865	869
868	869
141	806
190	964
394	620
98	525
254	835
254	979
525	979
613	835
642	979
354	441
354	443
394	844
20	188
173	349
173	394
349	867
867	871
27	816
27	927
32	178
32	194
32	354
32	861
32	863
32	910
32	927
32	981
69	254
69	927
75	349
78	194
78	354
89	354
89	816
89	861
89	863
89	910
178	254
178	349
178	354
178	816
178	861
178	910
178	927
193	254
193	354
193	816
193	863
193	910
193	927
193	946
194	254
194	349
194	861
254	349
254	354
254	816
254	861
254	863
254	910
254	981
349	554
349	838
349	861
349	946
349	981
354	816
354	863
354	910
354	927
354	946
354	981
554	981
816	927
816	981
861	910
861	927
863	981
927	981
1018	1019
349	765
765	874
89	361
89	871
106	117
106	226
106	260
106	354
106	871
106	942
117	132
117	226
117	873
117	942
132	260
132	871
226	260
226	305
226	354
226	361
226	711
260	305
260	354
260	361
260	942
305	942
361	711
871	942
24	361
126	178
126	295
141	178
141	361
141	695
141	770
178	295
178	770
178	808
295	361
295	770
295	808
295	969
361	969
361	975
695	770
695	808
695	969
808	903
11	296
11	297
296	297
57	805
805	815
259	886
368	675
394	895
394	896
394	898
45	63
45	490
46	63
46	490
63	490
93	212
93	239
93	931
212	931
137	138
3	161
161	394
2	905
178	857
596	857
596	900
857	900
307	723
307	761
524	761
723	761
723	871
816	847
847	863
114	116
114	117
114	254
114	947
116	119
116	644
117	119
117	644
119	260
119	868
119	947
254	644
254	743
254	868
254	947
260	333
260	644
260	868
260	947
333	644
644	743
644	868
644	947
513	786
513	874
723	874
814	927
13	441
441	885
441	897
631	633
801	857
646	802
394	865
326	399
326	916
469	916
241	268
241	857
268	868
295	868
857	868
475	871
820	871
374	847
205	910
5	349
386	776
776	847
305	1013
475	847
519	871
847	861
847	1013
861	871
871	1013
223	644
83	349
83	361
83	480
174	349
361	532
119	241
268	913
916	931
2	814
791	871
200	480
87	857
652	660
652	671
7	349
7	894
117	349
117	820
117	894
117	1025
176	820
176	857
176	874
349	836
349	1025
436	857
820	857
300	361
110	268
268	580
263	476
347	847
226	510
42	260
42	374
60	226
60	927
66	226
66	260
223	226
226	995
323	847
703	857
20	117
20	141
20	247
20	612
117	118
117	141
117	255
118	119
118	141
118	857
118	871
119	141
119	243
119	255
119	908
141	243
141	247
141	255
141	908
212	857
212	871
243	857
243	871
247	255
247	857
247	871
255	857
255	871
518	857
857	908
119	903
119	904
654	655
149	847
105	386
105	394
105	818
105	861
258	394
386	790
386	818
394	436
394	528
394	529
394	782
394	790
394	861
394	910
436	910
790	910
818	861
197	910
213	580
213	814
213	910
223	910
814	910
845	846
32	307
255	889
255	969
307	889
767	889
889	969
133	140
140	910
136	844
161	844
695	847
730	847
312	409
29	119
29	140
29	847
67	349
67	965
119	140
119	942
140	349
140	847
140	942
162	553
162	847
345	349
345	847
349	935
349	942
349	965
418	847
553	847
847	942
1022	1023
365	1010
614	1010
615	1010
161	832
741	814
395	715
715	871
26	88
26	441
26	806
26	857
26	913
86	226
86	812
88	693
88	766
88	806
88	857
88	871
88	913
226	294
226	596
226	693
226	806
226	913
294	596
294	857
294	871
441	806
441	913
554	857
554	871
693	871
806	812
806	871
812	913
830	831
470	804
1	189
1	809
1	871
20	71
20	583
20	626
189	349
189	626
189	871
305	1024
349	583
349	626
349	1006
349	1024
617	809
617	871
626	809
626	871
361	515
29	96
29	114
29	844
70	644
70	724
96	114
96	140
96	141
96	226
96	354
96	844
114	140
114	141
114	226
114	243
114	354
114	844
114	857
119	133
119	226
119	354
119	567
119	724
119	725
133	288
133	354
133	429
133	857
140	141
140	226
140	644
140	724
140	725
140	844
140	857
140	916
141	226
141	254
141	354
141	667
141	724
141	725
141	844
141	916
226	254
226	644
226	724
226	725
226	844
243	254
243	354
243	644
243	916
254	667
254	844
254	916
288	354
288	644
288	857
354	644
354	667
354	668
354	725
354	844
354	916
644	667
644	724
644	844
667	857
668	857
724	844
725	844
844	857
857	916
88	809
88	894
386	809
386	894
809	818
818	857
857	1008
894	1008
86	910
201	542
217	234
217	235
217	242
219	234
219	235
219	242
234	236
234	425
235	236
236	242
251	333
251	423
333	423
333	731
423	731
325	335
325	420
260	325
333	420
429	437
331	417
260	349
260	428
334	420
417	420
417	423
417	427
420	437
341	427
342	420
319	430
333	430
333	339
339	431
319	335
319	339
319	427
319	429
335	339
335	427
335	429
335	732
339	427
339	732
427	429
429	631
429	732
631	732
342	422
342	441
342	731
331	335
339	417
285	451
319	451
340	427
340	429
427	451
217	238
217	239
217	420
217	421
234	238
234	420
234	421
234	731
235	238
235	420
235	421
236	238
236	239
236	420
236	421
238	239
238	242
238	420
238	421
238	731
239	242
242	420
242	421
325	429
410	420
410	429
420	429
429	731
420	430
430	631
423	429
335	422
340	437
437	629
342	977
430	632
417	426
274	386
274	857
524	874
349	476
350	476
836	853
330	429
335	340
335	437
331	437
335	474
335	418
418	422
319	474
404	434
211	423
770	794
794	808
762	839
839	840
30	226
30	254
30	362
30	386
30	806
226	321
254	742
254	806
305	362
305	386
305	742
305	806
321	857
362	386
386	686
386	806
686	847
686	857
742	857
108	1019
124	1019
149	1019
1017	1019
349	868
111	644
111	857
226	346
226	383
226	944
346	383
346	944
736	944
605	871
652	956
349	589
75	755
312	755
653	660
653	671
126	374
378	386
378	578
378	857
362	861
211	214
502	769
502	788
769	786
786	788
141	268
141	705
141	723
205	723
205	740
226	268
226	727
244	346
244	727
268	346
268	705
268	723
268	740
346	727
580	705
29	770
29	801
96	529
96	728
96	770
186	449
186	529
339	770
349	728
349	801
349	852
728	770
310	349
311	809
105	397
905	909
973	983
245	871
184	305
184	394
394	765
394	901
213	857
57	441
424	444
247	349
349	367
349	385
349	629
349	870
385	648
610	648
629	870
648	870
141	649
141	726
141	915
141	927
349	649
349	726
349	915
394	724
394	725
724	726
724	927
725	927
726	910
726	915
726	927
910	915
114	934
140	476
114	223
519	530
534	535
344	961
351	485
351	609
351	641
35	67
67	300
67	983
166	167
167	450
292	626
300	626
394	453
260	981
500	695
385	394
394	395
441	894
123	398
398	799
67	452
67	924
340	452
351	452
351	579
452	924
65	513
65	634
35	452
494	535
609	675
224	394
294	440
394	437
437	782
307	863
133	272
189	695
189	803
255	695
272	803
272	961
760	803
10	12
167	887
240	254
263	394
471	733
12	361
12	396
114	161
114	361
114	396
114	539
161	226
226	396
226	878
361	539
361	796
361	818
396	843
97	395
85	260
85	361
85	718
193	263
260	263
260	718
263	347
263	361
263	988
347	638
361	398
320	424
989	990
20	140
20	261
140	436
140	630
389	630
436	630
114	357
114	362
357	362
361	395
362	395
395	401
323	670
465	847
243	362
445	613
64	915
97	260
97	285
97	307
97	374
97	386
97	808
97	816
97	863
97	915
188	307
230	816
230	863
246	374
246	386
246	808
246	816
246	863
246	894
260	386
260	808
260	816
260	863
260	894
285	894
307	374
307	808
307	894
337	894
374	386
374	816
374	863
374	894
374	910
374	915
808	816
808	863
808	894
808	915
816	915
119	905
305	863
416	863
416	871
629	863
695	863
871	905
20	29
20	112
20	353
20	761
29	112
29	761
29	871
112	186
112	290
112	915
142	186
186	305
186	761
287	305
305	353
754	871
871	915
126	255
126	288
126	420
255	349
255	361
288	349
288	361
361	420
97	349
349	990
871	990
227	420
544	857
263	420
394	420
361	422
584	585
225	702
349	608
349	723
349	822
349	976
608	816
608	863
723	770
770	816
770	822
808	822
816	822
816	976
822	863
863	976
20	116
20	395
20	683
20	820
116	268
117	268
117	395
117	695
117	809
117	889
117	952
141	202
141	395
268	395
268	401
268	889
395	695
395	809
395	820
395	889
395	952
524	611
524	809
683	695
683	809
695	705
695	809
809	820
809	889
820	861
861	889
118	178
118	644
178	644
112	254
112	808
119	605
119	770
119	808
119	835
119	836
119	848
142	255
254	255
254	770
254	808
254	836
605	770
605	808
770	848
808	836
808	848
836	871
848	871
131	150
131	151
150	151
726	857
85	395
85	947
395	947
303	349
349	926
7	849
7	871
199	226
199	800
199	871
199	927
226	450
259	849
259	927
349	450
349	800
450	871
450	927
800	871
800	927
849	871
849	927
871	927
709	723
709	724
709	725
709	945
723	724
723	725
323	701
701	847
847	926
55	871
118	230
821	827
826	827
88	644
88	927
106	644
106	809
117	652
395	644
395	765
395	927
544	644
644	652
644	809
652	809
652	927
809	927
515	572
778	779
778	780
779	780
105	437
562	644
644	686
644	1015
439	951
140	926
234	857
29	808
480	794
874	878
809	849
66	675
2	741
262	333
262	386
262	770
262	808
333	386
333	732
333	770
333	808
333	857
386	732
732	857
349	395
3	20
3	790
20	86
20	195
20	790
86	612
195	213
195	480
213	480
480	790
547	695
695	739
814	1013
260	394
28	223
28	349
206	212
206	342
212	342
212	354
212	974
223	394
223	397
223	871
227	349
227	354
342	857
342	871
349	422
349	977
354	397
354	977
394	422
394	974
394	977
422	857
422	871
857	974
857	977
871	977
974	977
508	522
16	119
119	335
119	380
105	981
717	857
718	857
718	871
652	969
94	724
94	725
630	724
630	725
724	727
725	727
227	712
227	724
227	725
3	539
823	827
827	828
182	183
182	191
183	191
176	361
337	361
255	687
3	174
3	260
3	854
3	916
174	178
174	857
174	916
178	545
178	847
260	847
260	916
386	491
491	857
545	857
545	871
847	916
854	857
854	871
857	1022
857	1023
822	851
849	851
217	349
217	724
217	725
305	367
305	724
305	725
305	814
367	814
724	814
725	814
814	857
170	361
2	755
406	411
106	349
106	819
106	874
228	280
228	349
228	849
228	874
349	819
349	879
349	1004
563	874
819	849
849	874
85	349
72	74
347	724
347	834
347	889
724	889
422	474
422	632
434	631
97	644
169	644
331	333
333	425
328	417
328	329
30	119
30	260
30	361
30	395
30	723
30	748
30	871
66	395
119	245
119	361
119	723
119	874
241	395
241	871
241	874
245	260
245	395
260	395
260	874
361	723
361	748
395	723
395	874
748	857
748	874
751	871
85	394
252	913
20	176
20	229
20	347
20	396
20	523
20	693
20	843
116	396
116	473
117	396
117	473
117	843
176	347
176	1013
229	473
347	693
347	1013
800	847
190	394
394	760
394	798
394	799
394	907
394	1008
667	915
722	760
760	915
798	915
799	915
250	919
250	923
919	923
3	117
3	119
3	254
3	377
3	579
3	874
4	871
30	117
30	671
30	916
117	579
117	648
117	660
117	671
117	916
119	579
141	648
141	660
141	671
254	874
303	579
579	648
579	660
579	671
579	871
671	916
874	916
838	856
395	812
140	894
97	648
97	724
118	196
118	349
118	715
118	915
196	942
214	349
349	914
386	648
386	660
386	671
386	715
648	715
660	715
671	715
715	724
86	858
86	1013
530	858
96	757
96	812
349	510
33	927
112	212
112	263
112	874
112	927
142	196
142	212
196	263
196	300
196	347
196	420
196	761
196	927
206	420
206	761
212	263
212	761
212	847
241	927
259	347
263	761
263	874
300	325
300	847
300	942
325	347
347	420
347	874
347	927
420	927
761	874
927	1005
85	844
85	874
746	844
746	874
844	874
3	395
3	863
20	97
20	386
20	863
97	833
20	322
343	429
140	186
140	808
149	903
808	904
808	926
80	295
80	307
178	307
295	906
30	178
30	199
87	178
87	254
178	199
199	644
600	644
347	644
203	301
502	541
212	975
229	714
229	931
313	714
445	626
86	491
86	816
695	816
30	118
30	126
30	349
30	607
30	767
30	844
30	861
86	118
86	290
86	371
86	389
86	844
86	847
86	861
111	349
118	226
118	389
118	607
118	844
118	847
118	861
118	909
126	226
126	389
226	367
349	382
349	454
349	767
349	909
454	847
607	847
607	861
767	861
844	861
861	909
394	992
20	114
20	654
114	347
114	654
260	695
260	977
323	695
323	977
361	977
20	832
229	500
229	812
709	910
113	857
339	857
125	394
125	902
213	916
596	648
596	822
630	656
648	822
648	889
889	900
889	944
80	871
162	871
20	362
20	724
20	725
20	868
20	894
362	725
724	1008
725	894
725	1008
868	894
260	661
349	523
349	524
523	688
523	894
486	491
336	337
329	451
335	428
319	334
319	325
324	421
135	141
136	141
136	723
136	915
686	723
118	748
112	213
112	307
112	648
112	660
112	671
142	307
142	326
186	213
186	307
186	547
213	326
213	761
307	648
307	660
307	671
326	375
326	547
326	648
326	660
326	671
326	761
349	1012
940	943
126	874
820	844
262	354
262	394
354	395
106	394
106	857
626	857
761	964
67	205
67	660
67	671
574	660
660	1025
671	1025
900	1025
3	530
3	588
119	530
119	588
119	757
119	866
530	927
588	927
112	816
112	863
142	816
142	863
246	349
246	927
652	816
652	863
761	816
761	863
543	579
814	908
857	901
41	715
66	977
221	226
221	295
226	295
295	509
509	723
149	1024
870	871
374	553
262	847
97	262
97	770
262	871
756	770
756	808
756	871
265	533
201	986
325	452
325	894
437	474
422	732
335	452
318	319
319	328
319	331
328	894
334	437
334	894
437	894
331	429
430	474
215	236
216	236
340	731
732	894
451	732
20	420
80	770
83	212
83	770
114	556
362	396
396	861
819	861
6	445
136	1008
889	904
97	263
254	285
349	787
295	579
295	809
347	394
347	579
347	916
347	969
394	579
394	809
579	809
809	916
809	969
916	969
36	993
720	871
190	857
226	675
675	857
760	857
798	857
13	48
48	885
48	897
213	347
213	607
213	927
213	944
326	927
347	931
549	736
549	927
549	1013
580	927
927	931
105	579
349	579
465	820
465	871
822	850
849	850
850	851
255	913
255	942
262	436
262	913
289	915
300	436
436	441
436	443
6	149
88	125
104	871
70	652
70	915
193	307
268	307
268	561
307	561
555	561
652	915
225	248
225	740
32	88
32	556
32	644
32	648
32	660
32	671
32	847
32	913
88	648
88	660
88	671
217	307
307	556
307	669
307	847
556	847
644	894
644	913
669	871
671	913
732	847
732	871
847	913
894	913
167	295
167	574
167	910
167	927
226	574
226	910
295	927
574	695
695	868
868	910
334	429
46	386
46	515
319	374
319	386
386	515
20	66
20	476
20	561
119	476
119	561
561	942
109	161
110	871
349	590
330	725
725	847
725	871
770	809
163	349
32	118
32	819
32	848
118	819
118	927
819	848
909	927
114	909
114	910
282	1011
254	894
254	969
273	871
273	913
806	969
871	969
894	969
913	969
66	695
125	229
125	473
125	644
125	812
125	889
125	900
229	644
368	476
368	695
368	770
368	808
473	913
476	644
476	770
476	812
476	913
644	808
644	889
644	900
675	812
695	913
770	889
808	889
812	889
812	900
889	913
262	321
262	423
262	523
262	626
273	349
349	423
387	423
387	626
423	626
364	734
158	394
226	307
307	995
307	1013
691	874
691	889
874	889
114	237
237	254
361	543
462	871
480	870
870	907
724	1013
725	1013
809	910
857	1026
426	427
204	213
204	737
649	673
649	812
649	971
673	971
695	911
254	952
578	816
578	863
816	868
167	857
167	969
199	305
204	305
204	857
204	927
305	910
305	969
638	857
820	969
927	969
108	814
723	726
300	422
339	437
427	452
319	420
419	847
349	969
135	952
361	641
552	847
85	105
85	262
85	354
85	820
85	847
105	354
146	349
262	820
354	426
426	847
820	981
108	372
156	820
176	372
176	792
176	814
176	871
325	814
325	871
347	871
372	814
372	820
395	724
395	725
514	724
514	725
514	814
514	871
514	1013
724	871
792	871
108	1024
1018	1024
394	464
919	927
3	104
3	358
3	645
3	770
3	865
3	867
20	104
20	358
20	865
104	645
104	820
104	865
349	645
349	865
358	865
645	820
645	865
770	820
770	865
354	744
354	808
350	394
85	480
395	480
119	126
119	203
119	295
119	480
119	793
119	809
126	254
126	720
126	809
203	295
203	947
254	295
254	720
254	793
295	947
480	809
720	809
720	853
757	809
140	952
851	952
851	969
515	857
97	844
97	857
135	349
135	578
135	644
135	844
248	349
248	578
248	644
248	770
248	808
248	857
295	644
295	844
349	362
349	812
349	859
362	644
362	770
362	808
362	844
378	644
578	644
578	770
578	808
578	812
626	808
626	844
644	672
672	770
672	808
672	812
812	935
857	859
857	935
394	769
394	788
119	816
141	816
141	847
718	847
816	870
847	870
80	808
106	193
106	1001
193	1001
295	354
307	354
307	509
307	770
354	509
354	770
381	790
303	847
480	605
106	119
106	140
106	358
119	262
119	394
119	423
119	1001
140	193
140	262
140	816
193	806
241	816
262	543
262	816
358	394
358	871
358	1001
394	423
394	806
394	816
394	863
423	579
423	806
579	806
785	863
806	816
806	863
857	866
119	812
119	851
605	685
605	857
111	162
162	163
162	164
241	1009
757	949
7	361
7	386
7	395
7	605
121	349
121	361
147	349
319	605
361	386
361	605
395	605
12	871
354	362
96	260
260	817
424	445
809	917
185	294
185	349
226	709
294	305
294	349
294	399
305	398
349	398
349	399
349	837
349	1003
837	871
821	829
362	374
66	725
105	288
125	969
79	409
30	114
30	695
30	816
30	889
30	913
114	228
114	671
114	806
114	816
114	863
114	889
114	927
193	695
193	913
228	816
228	863
228	910
228	927
500	816
500	889
500	927
671	695
671	806
671	816
671	863
671	889
806	889
806	910
806	927
816	913
816	969
863	889
863	969
916	927
2	312
389	644
597	600
644	1013
20	184
2	75
418	425
295	514
86	222
222	712
939	942
93	226
119	263
119	930
140	263
140	874
141	263
141	930
226	263
263	812
263	930
812	916
847	930
395	749
77	349
114	349
114	588
243	349
243	359
243	386
256	588
12	20
12	260
20	85
20	641
20	916
20	947
30	354
85	345
85	386
85	396
85	641
85	857
260	345
260	362
260	396
345	396
354	386
354	396
361	732
361	916
361	947
386	396
386	745
386	874
396	515
396	857
396	874
857	947
874	947
333	334
261	962
338	394
394	523
454	857
422	431
329	420
319	423
335	425
335	430
425	430
474	732
333	343
333	410
333	426
343	420
343	437
343	894
410	426
426	894
411	412
411	458
429	474
333	443
418	732
7	20
354	523
354	553
523	927
553	857
196	627
627	857
738	857
430	434
319	422
437	452
423	452
263	867
7	790
85	871
358	695
386	695
626	637
523	981
324	420
20	726
726	847
747	847
808	847
417	422
422	429
333	341
333	452
341	452
339	434
437	626
325	417
339	420
339	423
211	335
211	340
420	1008
186	211
186	242
211	215
211	216
211	234
211	235
211	238
211	242
215	234
215	235
215	238
215	324
216	234
216	235
216	238
216	324
234	405
235	405
238	324
242	405
420	424
425	437
420	434
410	418
410	732
418	420
420	732
74	361
74	871
295	871
509	626
622	626
675	731
260	647
760	871
222	702
222	707
707	708
16	140
16	476
16	604
16	808
140	957
243	476
243	800
243	847
476	760
476	836
476	847
760	800
760	808
760	836
760	847
847	957
847	988
871	988
957	988
239	952
927	952
119	977
291	349
291	997
349	478
60	878
119	267
119	869
226	911
267	914
267	927
346	644
632	644
869	927
911	927
685	895
685	896
685	898
186	1008
294	883
84	487
84	497
982	998
394	687
283	982
134	963
134	1002
67	857
87	809
87	915
227	480
227	607
227	865
227	868
289	349
289	480
289	871
349	922
366	607
366	871
416	480
416	809
416	857
480	922
607	865
607	868
607	915
728	964
809	865
809	915
809	964
857	865
857	922
857	965
865	871
868	871
868	964
871	876
871	964
915	964
45	992
45	996
46	992
46	996
893	996
97	119
97	226
119	205
194	205
194	226
194	321
205	262
205	395
205	857
321	596
561	857
20	254
20	608
45	254
45	816
45	863
85	254
85	816
85	863
260	427
427	857
437	871
437	874
437	947
608	871
626	816
626	863
816	874
871	947
812	848
116	226
116	588
116	720
117	588
117	720
223	588
226	720
226	770
226	808
254	344
254	794
307	720
588	720
588	770
588	808
689	794
720	770
720	808
273	847
121	871
163	871
369	983
63	624
496	682
394	973
596	607
816	869
863	869
386	927
399	806
399	927
951	964
952	964
126	977
20	591
354	454
393	671
760	822
760	844
798	844
799	844
514	844
16	112
16	114
16	761
16	844
16	857
112	114
112	178
112	844
112	951
114	142
114	307
114	626
114	670
114	744
114	761
142	149
142	178
142	951
149	178
149	361
149	857
172	178
172	307
172	857
178	761
178	844
178	951
188	361
188	844
188	857
307	626
307	670
307	844
361	626
361	744
361	966
604	844
669	951
670	761
670	844
744	857
761	844
761	951
857	951
857	966
951	966
135	416
136	416
422	424
96	519
168	871
218	361
374	401
323	671
213	268
213	346
259	766
230	244
232	346
66	140
64	857
97	354
423	533
105	907
3	176
3	184
3	350
3	744
3	844
119	176
119	184
119	744
159	844
159	847
159	857
176	354
176	394
176	847
184	354
184	847
184	857
184	874
260	350
260	744
260	844
281	857
281	874
350	354
350	744
350	847
372	847
394	744
394	874
409	844
409	857
744	847
3	114
3	262
262	927
927	1007
3	7
3	140
3	323
7	114
16	20
20	323
20	844
112	952
114	323
140	323
258	349
323	349
323	808
323	844
323	871
349	952
586	844
586	871
761	952
472	577
119	351
354	358
358	687
358	930
687	930
819	915
915	930
68	349
68	605
126	252
126	510
126	865
178	252
178	374
252	349
252	871
374	605
374	844
510	526
510	844
510	871
605	844
605	853
724	853
844	853
844	865
844	876
853	865
3	223
3	398
3	687
190	844
190	861
223	844
394	498
398	687
398	760
398	861
480	760
480	844
687	861
798	861
132	820
3	720
3	816
195	702
195	910
702	910
712	910
51	349
105	305
105	480
105	543
263	480
305	476
349	855
476	480
476	543
644	715
644	795
715	857
114	248
114	578
114	847
129	441
129	816
129	847
196	361
248	441
248	847
361	441
361	443
361	816
361	863
441	847
443	816
443	863
755	757
755	847
757	816
757	863
85	97
85	927
323	857
254	982
226	733
21	519
223	911
189	436
189	770
189	808
349	368
349	888
476	844
476	865
477	844
477	853
588	853
770	888
865	870
32	125
203	648
457	732
56	634
301	634
394	634
623	981
283	487
283	497
487	890
487	894
497	890
497	894
890	894
394	767
394	979
61	487
61	497
77	543
497	815
543	815
700	731
422	579
422	848
579	848
349	670
394	670
452	985
7	360
847	964
49	927
510	688
631	820
20	835
248	307
92	229
92	250
93	229
229	250
104	126
288	480
16	755
51	126
51	814
51	868
88	213
88	288
126	514
126	942
195	204
607	942
761	814
135	847
135	927
136	349
136	927
303	441
349	437
349	441
437	927
437	969
543	844
747	844
747	874
747	969
844	927
847	880
874	969
910	974
343	422
114	946
566	568
566	573
438	448
226	964
92	711
61	492
32	987
889	977
149	396
720	857
252	695
203	228
203	349
347	349
644	849
51	847
51	871
91	395
91	834
91	857
126	127
126	465
127	857
395	465
395	686
395	760
395	834
395	847
418	871
465	857
686	871
834	857
834	871
847	1012
857	1012
263	853
85	809
228	579
228	742
228	809
523	742
524	742
114	394
392	394
392	695
112	607
142	607
607	761
114	607
114	915
386	969
349	372
349	834
349	851
358	851
3	85
3	477
477	871
1020	1021
1020	1023
1021	1023
409	755
51	394
492	541
680	719
683	719
719	1008
32	613
213	227
15	516
257	516
260	535
260	770
320	857
361	720
688	770
201	1000
426	434
415	429
733	734
339	426
234	634
634	731
342	631
340	732
857	981
3	374
817	878
597	599
599	600
599	601
599	602
599	603
600	601
600	602
600	603
2	409
427	441
26	816
30	252
30	868
178	868
178	874
178	964
223	806
223	874
252	874
563	964
594	874
595	874
806	874
868	874
767	770
3	144
3	145
3	509
3	1016
83	847
96	273
96	361
260	975
263	273
263	354
273	480
354	975
361	859
480	859
480	975
135	263
136	263
106	695
142	389
142	634
142	695
142	910
161	223
161	326
161	389
161	695
223	695
326	389
326	588
326	695
326	911
389	588
389	695
588	634
634	761
634	793
761	910
229	857
349	683
683	857
374	792
553	871
186	789
85	96
675	815
911	962
194	915
288	386
349	869
90	368
55	857
61	398
349	486
569	857
687	857
857	861
857	888
227	770
227	808
770	806
806	808
728	844
296	650
297	650
37	268
192	213
43	814
227	817
139	349
105	361
20	125
20	491
20	644
125	857
305	441
386	644
441	644
849	857
398	951
16	960
358	857
394	852
394	509
45	295
349	396
394	396
396	480
396	844
747	1024
790	857
20	147
178	894
223	305
321	361
321	815
227	444
142	190
142	798
761	798
394	749
394	889
371	977
197	861
361	981
329	434
335	343
335	423
403	420
20	873
420	632
335	426
339	422
300	427
339	418
181	760
119	186
266	857
732	733
524	849
119	242
119	655
396	770
396	808
725	874
820	873
889	988
193	226
158	857
386	907
97	105
291	857
471	819
760	964
254	889
648	816
660	816
644	682
97	305
349	544
361	726
726	871
726	874
307	395
85	645
85	910
85	977
125	910
125	992
242	857
242	910
394	645
679	977
703	889
703	910
703	992
889	992
910	992
847	865
347	588
588	915
361	704
307	530
290	437
9	357
557	977
104	724
104	725
204	915
847	869
847	915
869	915
255	399
866	868
292	420
375	514
724	806
724	816
725	806
725	816
725	863
26	863
32	761
88	761
264	816
264	863
670	816
670	820
670	863
88	326
30	876
868	878
864	868
7	374
530	675
333	626
524	857
226	688
85	119
354	809
374	744
374	809
374	977
744	907
809	977
907	977
499	1000
510	519
419	423
324	457
319	433
423	430
430	431
319	329
329	422
329	430
422	430
423	732
339	731
64	319
339	343
343	631
422	631
626	894
251	420
420	431
333	342
420	474
341	731
319	632
331	452
333	369
333	418
418	426
418	632
154	857
542	857
730	857
793	857
797	857
857	970
260	299
144	857
237	857
30	869
574	847
349	900
126	907
350	396
396	744
688	744
688	995
612	644
3	5
3	105
3	126
3	298
55	105
105	126
105	857
105	977
126	557
194	543
298	543
298	857
557	857
141	352
141	607
141	863
142	352
255	816
255	863
352	695
607	695
223	852
64	986
95	194
213	725
428	695
724	847
915	991
354	355
30	213
30	480
213	874
268	480
480	561
480	863
561	816
561	863
591	874
228	509
228	527
349	509
349	527
509	554
509	809
527	554
723	809
143	349
123	349
3	605
20	605
20	720
87	347
116	349
116	374
116	857
117	374
420	588
420	605
588	605
588	871
605	720
149	1022
149	1023
227	361
349	388
388	441
544	847
644	728
728	847
135	682
136	682
777	816
777	863
65	626
429	626
125	126
125	255
126	475
126	802
126	952
226	255
254	802
855	857
48	425
48	986
425	986
245	992
675	992
677	992
201	712
201	750
750	927
250	312
411	414
126	889
161	349
254	607
260	476
260	607
286	647
3	307
3	333
307	333
30	875
106	135
135	193
135	254
135	695
136	193
136	254
136	578
140	695
254	695
105	255
268	770
268	808
186	354
323	565
323	964
563	565
964	1002
13	675
13	677
675	885
675	897
677	885
677	897
92	500
92	707
226	500
500	707
654	749
707	712
712	747
747	749
172	974
141	851
14	349
114	118
844	868
565	873
105	969
314	809
361	809
386	553
553	648
660	809
270	871
16	816
16	863
152	871
152	874
792	874
871	955
809	869
97	848
203	848
203	871
216	268
268	844
358	844
477	857
690	857
848	851
851	857
851	871
420	733
119	607
126	253
126	927
607	723
321	867
321	871
847	867
312	905
119	172
859	871
754	809
863	911
863	922
48	675
48	677
48	999
295	675
326	496
675	768
992	999
35	783
379	495
495	622
554	622
830	910
464	769
464	788
814	956
64	675
497	986
23	354
634	637
240	743
9	314
196	223
20	180
135	196
141	196
141	848
149	861
3	646
3	695
126	646
349	746
349	802
574	857
646	844
646	857
746	857
792	857
802	844
802	857
802	874
3	558
30	112
30	116
30	726
30	761
112	116
112	117
112	703
112	726
112	992
116	726
117	816
349	992
726	761
726	992
761	992
178	375
375	906
395	1019
147	871
75	79
67	326
178	812
178	1019
812	1019
906	1019
104	847
128	349
128	847
32	489
32	857
489	857
126	849
152	349
152	857
590	857
114	942
114	1013
126	307
307	942
86	672
86	747
644	723
395	770
395	808
783	857
76	648
76	660
76	671
190	581
361	385
350	871
530	871
3	28
454	849
20	295
161	605
605	874
394	524
96	396
96	808
695	967
349	517
321	905
350	386
114	561
1	263
1	581
263	581
552	871
102	847
1	126
126	539
126	976
349	539
349	804
475	976
557	695
375	376
97	134
97	553
476	863
648	863
648	907
678	815
26	847
96	816
96	863
119	900
140	230
295	847
67	204
67	250
67	709
204	226
204	250
204	709
226	250
250	711
250	724
250	725
314	560
136	761
105	867
349	777
349	793
793	847
686	816
686	863
392	773
808	820
119	227
119	379
227	268
20	103
374	738
738	910
75	905
770	873
354	796
157	832
192	307
307	911
268	847
790	847
105	869
135	561
349	561
95	760
95	915
105	513
119	161
119	513
119	760
161	760
513	798
513	799
475	579
125	806
488	631
437	631
325	426
328	335
300	425
410	632
336	871
337	871
85	808
86	254
86	770
86	808
536	857
170	857
578	683
437	733
237	349
441	451
79	312
126	913
544	871
349	743
319	857
134	871
260	339
270	358
327	857
327	871
260	294
226	713
500	976
167	349
167	871
422	660
809	847
116	607
116	969
117	607
117	969
607	969
761	969
394	501
483	501
260	276
20	149
20	168
20	659
693	930
17	857
744	901
349	1014
871	1014
675	784
66	129
66	724
92	313
92	691
92	709
313	709
371	710
691	724
816	977
70	726
205	347
205	930
290	652
392	644
588	724
644	691
691	693
396	820
723	787
723	966
706	816
706	863
396	399
481	857
31	361
307	607
361	749
607	749
654	723
696	871
128	423
260	286
260	293
286	293
286	441
286	871
114	655
654	857
431	631
420	675
418	428
335	342
342	452
178	395
530	857
420	582
329	423
335	404
66	349
66	399
177	260
177	349
260	399
260	725
260	906
294	350
294	395
349	906
399	588
588	725
675	724
675	725
184	814
96	647
114	205
114	263
114	809
578	634
723	844
809	844
196	231
231	307
231	644
394	750
644	750
750	857
750	910
107	148
112	229
186	229
349	718
37	361
37	857
37	871
86	361
86	667
116	894
178	262
262	361
268	894
311	857
361	644
361	667
361	868
361	894
644	941
704	857
857	982
871	982
20	509
143	527
509	874
527	874
20	965
361	374
871	872
303	857
97	847
847	848
259	301
259	375
259	576
259	760
259	851
259	964
259	969
301	375
301	576
301	760
301	851
301	964
301	969
375	576
375	760
375	851
375	964
375	969
576	760
576	851
576	964
576	969
760	851
760	969
851	964
964	969
323	647
323	979
647	705
647	979
705	979
9	12
9	20
21	506
21	507
21	509
21	510
506	509
506	510
506	511
506	512
506	518
506	519
506	532
506	537
507	509
507	510
507	511
507	512
507	518
507	519
507	532
507	537
509	510
509	511
509	512
509	518
509	519
509	532
509	537
510	511
510	512
510	518
510	532
510	537
511	512
511	518
511	519
511	532
511	537
512	518
512	519
512	532
512	537
518	519
518	532
518	537
519	532
519	537
532	537
550	559
550	564
550	566
550	571
550	574
550	575
559	564
559	566
559	571
559	574
559	575
564	566
564	571
564	574
564	575
565	575
566	571
566	574
566	575
571	574
571	575
574	575
56	64
56	130
56	201
56	500
56	542
56	618
56	761
56	815
56	976
56	986
56	999
56	1000
64	130
64	201
64	500
64	542
64	618
64	761
64	815
64	976
64	999
64	1000
130	201
130	500
130	542
130	618
130	761
130	815
130	976
130	986
130	999
130	1000
201	500
201	618
201	761
201	815
201	976
201	999
321	889
321	999
497	554
500	542
500	618
500	761
500	815
500	986
500	999
500	1000
542	618
542	761
542	815
542	976
542	986
542	999
542	1000
554	889
618	761
618	815
618	976
618	986
618	999
618	1000
761	815
761	976
761	986
761	999
761	1000
815	976
815	986
815	999
815	1000
889	999
976	986
976	999
976	1000
986	999
999	1000
374	557
557	575
371	611
371	736
371	1005
611	736
611	977
611	1005
736	977
736	1005
977	1005
201	327
201	363
201	694
201	722
223	250
327	363
327	694
327	722
363	694
363	722
694	722
260	264
260	279
264	279
264	286
264	647
276	279
279	286
279	647
95	198
95	722
95	980
198	722
198	980
722	980
355	357
355	361
95	220
95	321
95	510
95	932
194	220
194	510
194	932
220	510
220	932
510	932
588	932
220	639
220	862
551	639
639	862
6	424
6	684
6	937
389	424
389	684
389	937
389	938
424	684
424	937
684	937
364	465
364	639
364	678
364	899
364	975
465	639
465	678
465	899
465	975
639	678
639	899
639	975
678	899
678	975
899	975
435	467
4	561
4	868
4	914
4	924
561	868
561	914
561	924
868	914
868	924
914	924
418	733
445	733
157	984
331	420
359	420
741	1010
122	133
32	424
32	951
112	579
142	424
142	579
178	915
579	761
598	915
66	815
250	927
686	975
561	572
3	849
20	530
247	266
307	809
476	530
476	809
626	927
646	871
857	955
858	871
858	927
200	349
851	874
127	349
185	514
802	847
262	480
86	87
484	974
778	894
420	530
451	542
451	543
125	874
255	806
52	119
119	250
184	361
184	871
284	871
631	871
321	409
505	512
394	560
560	1008
639	857
395	910
172	221
177	915
906	915
539	871
349	430
430	670
374	760
172	561
212	816
212	863
561	871
857	911
579	927
636	644
644	922
260	298
579	894
32	395
141	936
395	844
648	844
660	863
711	863
844	863
39	394
267	816
267	863
119	510
227	510
305	832
557	832
418	437
395	951
613	757
325	422
190	349
349	798
42	844
641	844
186	397
105	844
323	1008
349	1008
30	810
30	864
810	864
810	874
864	866
864	869
864	874
86	196
86	561
86	927
118	172
118	605
161	196
196	561
196	605
561	644
605	927
114	645
114	874
349	947
645	874
15	808
119	135
119	307
135	789
354	789
354	1008
349	514
847	947
118	204
204	248
723	852
20	992
273	809
480	913
844	960
857	960
119	688
205	307
205	790
205	874
349	581
630	844
630	847
114	319
118	626
307	319
307	782
329	342
329	361
329	857
361	582
20	636
66	227
91	830
227	262
227	395
227	910
420	790
480	834
260	865
349	625
349	877
625	877
42	112
93	354
354	894
349	744
613	773
189	263
349	443
443	581
304	386
304	395
304	695
51	927
86	394
229	394
229	816
361	927
196	859
196	871
480	867
659	871
86	514
361	514
280	657
365	734
126	291
43	816
43	863
814	863
260	1008
267	349
552	857
15	349
15	857
349	760
37	349
260	952
181	305
181	857
119	398
549	919
390	782
146	871
480	544
864	865
865	866
354	510
210	503
796	857
129	186
186	189
135	705
3	361
396	871
307	396
149	1020
798	830
321	760
261	478
79	361
141	385
30	894
3	419
260	419
419	871
114	302
178	993
578	1013
630	857
196	356
196	359
356	644
359	644
232	335
590	718
505	857
114	748
554	626
554	894
857	975
853	855
395	489
635	888
354	778
156	794
658	666
105	260
519	531
513	739
233	503
231	319
349	778
260	513
409	905
3	22
696	847
506	526
507	526
512	526
175	819
715	749
515	534
315	500
92	95
92	194
92	198
92	889
95	889
194	198
194	889
198	889
639	999
